   0.0000000000000000E+00  -0.1000000004080901E+00
   0.5000000000000000E-01  -0.9616473432951367E-01
   0.1000000000000000E+00  -0.8478082736611704E-01
   0.1500000000000000E+00  -0.6626902978045955E-01
   0.2000000000000000E+00  -0.4148868993512220E-01
   0.2500000000000000E+00  -0.1189430878383400E-01
   0.3000000000000000E+00   0.2037812783755528E-01
   0.3500000000000000E+00   0.5257084165584512E-01
   0.4000000000000000E+00   0.8154650159916590E-01
   0.4500000000000000E+00   0.1041936256448787E+00
   0.5000000000000000E+00   0.1179202889910849E+00
   0.5500000000000000E+00   0.1211237906443912E+00
   0.6000000000000001E+00   0.1135170502877782E+00
   0.6500000000000000E+00   0.9621998744914252E-01
   0.7000000000000001E+00   0.7157949539672176E-01
   0.7500000000000000E+00   0.4274987362646274E-01
   0.8000000000000000E+00   0.1312752599096742E-01
   0.8500000000000001E+00  -0.1422842674803905E-01
   0.9000000000000000E+00  -0.3705535004012413E-01
   0.9500000000000001E+00  -0.5412554145003463E-01
   0.1000000000000000E+01  -0.6522401903545649E-01
   0.1050000000000000E+01  -0.7089627019442196E-01
   0.1100000000000000E+01  -0.7205698018657183E-01
   0.1150000000000000E+01  -0.6958404832460693E-01
   0.1200000000000000E+01  -0.6401928562585125E-01
   0.1250000000000000E+01  -0.5545950256784413E-01
   0.1300000000000000E+01  -0.4366072265135830E-01
   0.1350000000000000E+01  -0.2831211439823252E-01
   0.1400000000000000E+01  -0.9384327309886370E-02
   0.1450000000000000E+01   0.1256575075574195E-01
   0.1500000000000000E+01   0.3623898203670768E-01
   0.1550000000000000E+01   0.5964783698700753E-01
   0.1600000000000000E+01   0.8037935718380444E-01
   0.1650000000000000E+01   0.9600517783989490E-01
   0.1700000000000000E+01   0.1045338996850820E+00
   0.1750000000000000E+01   0.1047892821200325E+00
   0.1800000000000000E+01   0.9661966221414113E-01
   0.1850000000000000E+01   0.8089252789169908E-01
   0.1900000000000000E+01   0.5928834806979983E-01
   0.1950000000000000E+01   0.3396145596074326E-01
   0.2000000000000000E+01   0.7167173646790577E-02
   0.2050000000000000E+01  -0.1904530122042624E-01
   0.2100000000000000E+01  -0.4300457398278757E-01
   0.2150000000000000E+01  -0.6343351223938803E-01
   0.2200000000000000E+01  -0.7934441790829089E-01
   0.2250000000000000E+01  -0.8988714376878953E-01
   0.2300000000000000E+01  -0.9423833251935704E-01
   0.2350000000000000E+01  -0.9160294782183669E-01
   0.2400000000000000E+01  -0.8135651256803166E-01
   0.2450000000000000E+01  -0.6330145827121410E-01
   0.2500000000000000E+01  -0.3796139999926751E-01
   0.2550000000000000E+01  -0.6809434240781163E-02
   0.2600000000000000E+01   0.2766917690558771E-01
   0.2650000000000000E+01   0.6214280285159453E-01
   0.2700000000000000E+01   0.9283077563661357E-01
   0.2750000000000000E+01   0.1160692554429405E+00
   0.2800000000000000E+01   0.1289296213496448E+00
   0.2850000000000000E+01   0.1297494666569146E+00
   0.2900000000000000E+01   0.1184494765850845E+00
   0.2950000000000000E+01   0.9655724498157993E-01
   0.3000000000000000E+01   0.6692895765819848E-01
   0.3050000000000000E+01   0.3323289928175203E-01
   0.3100000000000000E+01  -0.6850293423249169E-03
   0.3150000000000000E+01  -0.3140940673062273E-01
   0.3200000000000000E+01  -0.5640662220479127E-01
   0.3250000000000000E+01  -0.7423659614080842E-01
   0.3300000000000000E+01  -0.8450906017492965E-01
   0.3350000000000000E+01  -0.8763580885354480E-01
   0.3400000000000000E+01  -0.8447894258748385E-01
   0.3450000000000000E+01  -0.7601211706034824E-01
   0.3500000000000000E+01  -0.6309375957866846E-01
   0.3550000000000000E+01  -0.4640503147977187E-01
   0.3600000000000000E+01  -0.2654603622821389E-01
   0.3650000000000000E+01  -0.4229902769175948E-02
   0.3700000000000000E+01   0.1951769859864225E-01
   0.3750000000000000E+01   0.4324694583711446E-01
   0.3800000000000000E+01   0.6512357091576701E-01
   0.3850000000000000E+01   0.8313239071918523E-01
   0.3900000000000000E+01   0.9540152956705293E-01
   0.3950000000000000E+01   0.1005614131758210E+00
   0.4000000000000000E+01   0.9803623850987300E-01
   0.4050000000000000E+01   0.8818102277537475E-01
   0.4100000000000001E+01   0.7222003711835710E-01
   0.4150000000000000E+01   0.5199949436636801E-01
   0.4200000000000000E+01   0.2962132301177037E-01
   0.4250000000000000E+01   0.7059080245245616E-02
   0.4300000000000000E+01  -0.1413917364270992E-01
   0.4350000000000001E+01  -0.3298434765854076E-01
   0.4400000000000000E+01  -0.4899114171921996E-01
   0.4450000000000000E+01  -0.6196880810101640E-01
   0.4500000000000000E+01  -0.7174162553315368E-01
   0.4550000000000000E+01  -0.7790625176795996E-01
   0.4600000000000001E+01  -0.7972297768543522E-01
   0.4650000000000000E+01  -0.7619657862332267E-01
   0.4700000000000000E+01  -0.6634183795581260E-01
   0.4750000000000000E+01  -0.4956690011424921E-01
   0.4800000000000001E+01  -0.2606318888410383E-01
   0.4850000000000001E+01   0.2922314296923367E-02
   0.4900000000000000E+01   0.3503316043254032E-01
   0.4950000000000000E+01   0.6701442682902768E-01
   0.5000000000000000E+01   0.9516504233901080E-01
   0.5050000000000001E+01   0.1159415145980222E+00
   0.5100000000000001E+01   0.1265793620547961E+00
   0.5150000000000000E+01   0.1255899135645559E+00
   0.5200000000000000E+01   0.1130192223484306E+00
   0.5250000000000000E+01   0.9041456258129436E-01
   0.5300000000000001E+01   0.6051594057610277E-01
   0.5350000000000001E+01   0.2675533687732224E-01
   0.5400000000000000E+01  -0.7312674025649604E-02
   0.5450000000000000E+01  -0.3851906946771978E-01
   0.5500000000000000E+01  -0.6442613598162532E-01
   0.5550000000000001E+01  -0.8346347675868587E-01
   0.5600000000000001E+01  -0.9486905004676176E-01
   0.5650000000000000E+01  -0.9850195255732064E-01
   0.5700000000000000E+01  -0.9462055980932453E-01
   0.5750000000000000E+01  -0.8371475249313268E-01
   0.5800000000000001E+01  -0.6644748395162885E-01
   0.5850000000000001E+01  -0.4371083088581416E-01
   0.5900000000000000E+01  -0.1675181400155209E-01
   0.5950000000000000E+01   0.1270977003482044E-01
   0.6000000000000000E+01   0.4245443646843119E-01
   0.6050000000000001E+01   0.6988511536227682E-01
   0.6100000000000001E+01   0.9230899757518550E-01
   0.6150000000000000E+01   0.1073347680136234E+00
   0.6200000000000000E+01   0.1132956744976458E+00
   0.6250000000000000E+01   0.1095885275907762E+00
   0.6300000000000001E+01   0.9683084358210332E-01
   0.6350000000000001E+01   0.7678074163190106E-01
   0.6400000000000000E+01   0.5202536181890160E-01
   0.6450000000000000E+01   0.2550594399584555E-01
   0.6500000000000000E+01  -0.7066820826819725E-05
   0.6550000000000001E+01  -0.2236112726677741E-01
   0.6600000000000001E+01  -0.4028441807777585E-01
   0.6650000000000000E+01  -0.5340921632715840E-01
   0.6700000000000000E+01  -0.6206755183298787E-01
   0.6750000000000000E+01  -0.6693413798085118E-01
   0.6800000000000001E+01  -0.6863286849096925E-01
   0.6850000000000001E+01  -0.6743050650671523E-01
   0.6900000000000000E+01  -0.6311241362335920E-01
   0.6950000000000000E+01  -0.5507866465834090E-01
   0.7000000000000000E+01  -0.4263116819971078E-01
   0.7050000000000001E+01  -0.2536325042710691E-01
   0.7100000000000001E+01  -0.3529844367654893E-02
   0.7150000000000000E+01   0.2172131361927852E-01
   0.7200000000000000E+01   0.4833989727675270E-01
   0.7250000000000000E+01   0.7360573177282262E-01
   0.7300000000000001E+01   0.9455750630426775E-01
   0.7350000000000001E+01   0.1085163037021631E+00
   0.7400000000000000E+01   0.1135767383422358E+00
   0.7450000000000000E+01   0.1089479867297099E+00
   0.7500000000000000E+01   0.9506863584153706E-01
   0.7550000000000001E+01   0.7348040619277962E-01
   0.7600000000000001E+01   0.4650838675306496E-01
   0.7650000000000000E+01   0.1684143614367543E-01
   0.7700000000000000E+01  -0.1287678285245522E-01
   0.7750000000000000E+01  -0.4035166989861787E-01
   0.7800000000000001E+01  -0.6378447472161480E-01
   0.7850000000000001E+01  -0.8186482326970594E-01
   0.7900000000000000E+01  -0.9366134217313675E-01
   0.7950000000000000E+01  -0.9849149861806437E-01
   0.8000000000000000E+01  -0.9585102271005724E-01
   0.8050000000000001E+01  -0.8545376355573277E-01
   0.8100000000000000E+01  -0.6738449511350879E-01
   0.8150000000000000E+01  -0.4231608939247407E-01
   0.8200000000000001E+01  -0.1170578737166936E-01
   0.8250000000000000E+01   0.2212405387714041E-01
   0.8300000000000001E+01   0.5609281215200149E-01
   0.8350000000000000E+01   0.8667906140814270E-01
   0.8400000000000000E+01   0.1104099716498339E+00
   0.8450000000000001E+01   0.1244280119083699E+00
   0.8500000000000000E+01   0.1270073905477979E+00
   0.8550000000000001E+01   0.1178937970617247E+00
   0.8600000000000000E+01   0.9837748558506841E-01
   0.8650000000000000E+01   0.7107251351828861E-01
   0.8700000000000001E+01   0.3944710689233774E-01
   0.8750000000000000E+01   0.7211723105990718E-02
   0.8800000000000001E+01  -0.2229478024737233E-01
   0.8850000000000000E+01  -0.4658382792037642E-01
   0.8900000000000000E+01  -0.6426310228111923E-01
   0.8950000000000001E+01  -0.7501653551447512E-01
   0.9000000000000000E+01  -0.7935585855719975E-01
   0.9050000000000001E+01  -0.7823868808942122E-01
   0.9100000000000000E+01  -0.7267641852140402E-01
   0.9150000000000000E+01  -0.6344718682586951E-01
   0.9200000000000001E+01  -0.5098838196759943E-01
   0.9250000000000000E+01  -0.3548251639933892E-01
   0.9300000000000001E+01  -0.1708822422197368E-01
   0.9350000000000000E+01   0.3776834795415265E-02
   0.9400000000000000E+01   0.2620928542984831E-01
   0.9450000000000001E+01   0.4873870009926301E-01
   0.9500000000000000E+01   0.6943431194697051E-01
   0.9550000000000001E+01   0.8618314383921058E-01
   0.9600000000000001E+01   0.9706893880687679E-01
   0.9650000000000000E+01   0.1007490243167755E+00
   0.9700000000000001E+01   0.9672530883148182E-01
   0.9750000000000000E+01   0.8543596933668619E-01
   0.9800000000000001E+01   0.6814649583681547E-01
   0.9850000000000001E+01   0.4667652202493840E-01
   0.9900000000000000E+01   0.2304460217927803E-01
   0.9950000000000001E+01  -0.8670807320630483E-03
   0.1000000000000000E+02  -0.2353799623279612E-01
   0.1005000000000000E+02  -0.4387409540723874E-01
   0.1010000000000000E+02  -0.6111652394407882E-01
   0.1015000000000000E+02  -0.7465114113453969E-01
   0.1020000000000000E+02  -0.8380941475208890E-01
   0.1025000000000000E+02  -0.8775498406738219E-01
   0.1030000000000000E+02  -0.8552220287385449E-01
   0.1035000000000000E+02  -0.7622139485635951E-01
   0.1040000000000000E+02  -0.5936602283780017E-01
   0.1045000000000000E+02  -0.3522802312872299E-01
   0.1050000000000000E+02  -0.5105004309025468E-02
   0.1055000000000000E+02   0.2860489566782212E-01
   0.1060000000000000E+02   0.6257992784201913E-01
   0.1065000000000000E+02   0.9299721742378449E-01
   0.1070000000000000E+02   0.1161264224707991E+00
   0.1075000000000000E+02   0.1289689973843531E+00
   0.1080000000000000E+02   0.1297983837975919E+00
   0.1085000000000000E+02   0.1184755246843859E+00
   0.1090000000000000E+02   0.9646666877068903E-01
   0.1095000000000000E+02   0.6656230880645241E-01
   0.1100000000000000E+02   0.3236764325933714E-01
   0.1105000000000000E+02  -0.2313264156916205E-02
   0.1110000000000000E+02  -0.3405908447048740E-01
   0.1115000000000000E+02  -0.6025711053189821E-01
   0.1120000000000000E+02  -0.7930183300045836E-01
   0.1125000000000000E+02  -0.9056008945754880E-01
   0.1130000000000000E+02  -0.9415857551354433E-01
   0.1135000000000000E+02  -0.9069033504175941E-01
   0.1140000000000000E+02  -0.8094588161623884E-01
   0.1145000000000000E+02  -0.6575091693557593E-01
   0.1150000000000000E+02  -0.4594511417173558E-01
   0.1155000000000000E+02  -0.2248097906722674E-01
   0.1160000000000000E+02   0.3423750114795242E-02
   0.1165000000000000E+02   0.3016796430150036E-01
   0.1170000000000000E+02   0.5576153249860370E-01
   0.1175000000000000E+02   0.7797318572892148E-01
   0.1180000000000000E+02   0.9462015821350289E-01
   0.1185000000000000E+02   0.1039362834322127E+00
   0.1190000000000000E+02   0.1049217100651127E+00
   0.1195000000000000E+02   0.9757311479711160E-01
   0.1200000000000000E+02   0.8292053119469056E-01
   0.1205000000000000E+02   0.6284820552148662E-01
   0.1210000000000000E+02   0.3973716836093699E-01
   0.1215000000000000E+02   0.1601834863033871E-01
   0.1220000000000000E+02  -0.6248640977535703E-02
   0.1225000000000000E+02  -0.2566290219536311E-01
   0.1230000000000000E+02  -0.4156649930321872E-01
   0.1235000000000000E+02  -0.5391579238688034E-01
   0.1240000000000000E+02  -0.6299294075010904E-01
   0.1245000000000000E+02  -0.6905807231503253E-01
   0.1250000000000000E+02  -0.7206021580294755E-01
   0.1255000000000000E+02  -0.7150720895080591E-01
   0.1260000000000000E+02  -0.6654624263375455E-01
   0.1265000000000000E+02  -0.5624146677417816E-01
   0.1270000000000000E+02  -0.3997228159216681E-01
   0.1275000000000000E+02  -0.1783420189445465E-01
   0.1280000000000000E+02   0.9083825794176461E-02
   0.1285000000000000E+02   0.3864312828906605E-01
   0.1290000000000000E+02   0.6785993324892441E-01
   0.1295000000000000E+02   0.9334047290486046E-01
   0.1300000000000000E+02   0.1118529019666754E+00
   0.1305000000000000E+02   0.1209041460157233E+00
   0.1310000000000000E+02   0.1191872221393722E+00
   0.1315000000000000E+02   0.1067980481371441E+00
   0.1320000000000000E+02   0.8518040809808963E-01
   0.1325000000000000E+02   0.5682640653859177E-01
   0.1330000000000000E+02   0.2481805269547835E-01
   0.1335000000000000E+02  -0.7672327203851591E-02
   0.1340000000000000E+02  -0.3780720148881661E-01
   0.1345000000000000E+02  -0.6335265062315024E-01
   0.1350000000000000E+02  -0.8276310149789649E-01
   0.1355000000000000E+02  -0.9511124070109109E-01
   0.1360000000000000E+02  -0.9993496202545343E-01
   0.1365000000000000E+02  -0.9708885160354003E-01
   0.1370000000000000E+02  -0.8667264705080957E-01
   0.1375000000000000E+02  -0.6906929699551409E-01
   0.1380000000000000E+02  -0.4507444657193147E-01
   0.1385000000000000E+02  -0.1605457427215703E-01
   0.1390000000000000E+02   0.1595215345520593E-01
   0.1395000000000000E+02   0.4827146497543104E-01
   0.1400000000000000E+02   0.7780842164228224E-01
   0.1405000000000000E+02   0.1014317144380567E+00
   0.1410000000000000E+02   0.1164592705788039E+00
   0.1415000000000000E+02   0.1211367333192261E+00
   0.1420000000000000E+02   0.1149887545565881E+00
   0.1425000000000000E+02   0.9894582410730803E-01
   0.1430000000000000E+02   0.7520147712777518E-01
   0.1435000000000000E+02   0.4682217722694729E-01
   0.1440000000000000E+02   0.1719604921075911E-01
   0.1445000000000000E+02  -0.1055138414873449E-01
   0.1450000000000000E+02  -0.3403852035892375E-01
   0.1455000000000000E+02  -0.5189910424255115E-01
   0.1460000000000000E+02  -0.6379461318380486E-01
   0.1465000000000000E+02  -0.7018874851070088E-01
   0.1470000000000000E+02  -0.7196807428476133E-01
   0.1475000000000000E+02  -0.7003059848641643E-01
   0.1480000000000000E+02  -0.6496630003473480E-01
   0.1485000000000000E+02  -0.5692019777387569E-01
   0.1490000000000000E+02  -0.4566977109077570E-01
   0.1495000000000000E+02  -0.3088187019914251E-01
   0.1500000000000000E+02  -0.1245928419132181E-01
   0.1505000000000000E+02   0.9140202435241582E-02
   0.1510000000000000E+02   0.3272149837636708E-01
   0.1515000000000000E+02   0.5637547101757767E-01
   0.1520000000000000E+02   0.7771606494430128E-01
   0.1525000000000000E+02   0.9427691647161006E-01
   0.1530000000000000E+02   0.1039668267169317E+00
   0.1535000000000000E+02   0.1054668520163240E+00
   0.1540000000000000E+02   0.9846917755822049E-01
   0.1545000000000000E+02   0.8370353817086278E-01
   0.1550000000000000E+02   0.6275664744857774E-01
   0.1555000000000000E+02   0.3774586837726649E-01
   0.1560000000000000E+02   0.1094372369300422E-01
   0.1565000000000000E+02  -0.1554518014204210E-01
   0.1570000000000000E+02  -0.3997919271343764E-01
   0.1575000000000000E+02  -0.6101891465032031E-01
   0.1580000000000000E+02  -0.7763728777768479E-01
   0.1585000000000000E+02  -0.8897017045256334E-01
   0.1590000000000000E+02  -0.9419530487957893E-01
   0.1595000000000000E+02  -0.9251492825437356E-01
   0.1600000000000000E+02  -0.8327759471047089E-01
   0.1605000000000000E+02  -0.6622056827552442E-01
   0.1610000000000000E+02  -0.4176280571555108E-01
   0.1615000000000000E+02  -0.1124701493660416E-01
   0.1620000000000000E+02   0.2297120618580612E-01
   0.1625000000000000E+02   0.5765661580346414E-01
   0.1630000000000000E+02   0.8906202941813378E-01
   0.1635000000000000E+02   0.1134763089377375E+00
   0.1640000000000000E+02   0.1278426505212229E+00
   0.1645000000000000E+02   0.1303085953582217E+00
   0.1650000000000000E+02   0.1205771734560820E+00
   0.1655000000000000E+02   0.9997212237378178E-01
   0.1660000000000000E+02   0.7119794889326396E-01
   0.1665000000000000E+02   0.3784939234080247E-01
   0.1670000000000000E+02   0.3784438037830674E-02
   0.1675000000000000E+02  -0.2749578319727895E-01
   0.1680000000000000E+02  -0.5332567100842647E-01
   0.1685000000000000E+02  -0.7212147330880478E-01
   0.1690000000000000E+02  -0.8336978435051030E-01
   0.1695000000000000E+02  -0.8740123029523678E-01
   0.1700000000000000E+02  -0.8504454395537799E-01
   0.1705000000000000E+02  -0.7727806794107912E-01
   0.1710000000000000E+02  -0.6498231592173261E-01
   0.1715000000000000E+02  -0.4885411681797606E-01
   0.1720000000000000E+02  -0.2948421180528258E-01
   0.1725000000000000E+02  -0.7544339505557260E-02
   0.1730000000000000E+02   0.1600613847816862E-01
   0.1735000000000000E+02   0.3978955013407328E-01
   0.1740000000000000E+02   0.6202464544237586E-01
   0.1745000000000000E+02   0.8070735090555493E-01
   0.1750000000000000E+02   0.9392200381120669E-01
   0.1755000000000000E+02   0.1002018664906485E+00
   0.1760000000000000E+02   0.9883698383190584E-01
   0.1765000000000000E+02   0.9003832564467026E-01
   0.1770000000000000E+02   0.7490656038599035E-01
   0.1775000000000000E+02   0.5520980858793921E-01
   0.1780000000000000E+02   0.3303019581849426E-01
   0.1785000000000000E+02   0.1037687949201724E-01
   0.1790000000000000E+02  -0.1112834063874990E-01
   0.1795000000000000E+02  -0.3041056280091459E-01
   0.1800000000000000E+02  -0.4691330122615125E-01
   0.1805000000000000E+02  -0.6040828085407253E-01
   0.1810000000000000E+02  -0.7072141241688931E-01
   0.1815000000000000E+02  -0.7748048946699515E-01
   0.1820000000000000E+02  -0.7998479851791838E-01
   0.1825000000000000E+02  -0.7725939312398927E-01
   0.1830000000000000E+02  -0.6829794875952024E-01
   0.1835000000000000E+02  -0.5243530828239998E-01
   0.1840000000000000E+02  -0.2974306292206760E-01
   0.1845000000000000E+02  -0.1323734486966509E-02
   0.1850000000000000E+02   0.3060231414562062E-01
   0.1855000000000000E+02   0.6287245632102559E-01
   0.1860000000000000E+02   0.9180606757779601E-01
   0.1865000000000000E+02   0.1137956189586550E+00
   0.1870000000000000E+02   0.1259349290487722E+00
   0.1875000000000000E+02   0.1265410400353019E+00
   0.1880000000000000E+02   0.1154503499842772E+00
   0.1885000000000000E+02   0.9402515136566872E-01
   0.1890000000000000E+02   0.6487810168471095E-01
   0.1895000000000000E+02   0.3138960209539914E-01
   0.1900000000000000E+02  -0.2861752648469631E-02
   0.1905000000000000E+02  -0.3462419214056141E-01
   0.1910000000000000E+02  -0.6134606482688878E-01
   0.1915000000000000E+02  -0.8134149664042963E-01
   0.1920000000000000E+02  -0.9375472786850372E-01
   0.1925000000000000E+02  -0.9838395222038956E-01
   0.1930000000000000E+02  -0.9545660271194209E-01
   0.1935000000000000E+02  -0.8544769018278126E-01
   0.1940000000000000E+02  -0.6900279207600035E-01
   0.1945000000000000E+02  -0.4697851303796532E-01
   0.1950000000000000E+02  -0.2056220534282527E-01
   0.1955000000000000E+02   0.8603610021970874E-02
   0.1960000000000000E+02   0.3837623242742551E-01
   0.1965000000000000E+02   0.6621053203850637E-01
   0.1970000000000000E+02   0.8941792732330428E-01
   0.1975000000000000E+02   0.1055500507680402E+00
   0.1980000000000000E+02   0.1128229707021981E+00
   0.1985000000000000E+02   0.1104732971830792E+00
   0.1990000000000000E+02   0.9894488528708913E-01
   0.1995000000000000E+02   0.7984340192855979E-01
   0.2000000000000000E+02   0.5565540042397257E-01
   0.2005000000000000E+02   0.2929178719102475E-01
   0.2010000000000000E+02   0.3564092166461405E-02
   0.2015000000000000E+02  -0.1927885536541723E-01
   0.2020000000000000E+02  -0.3784261757905092E-01
   0.2025000000000000E+02  -0.5164375996266145E-01
   0.2030000000000000E+02  -0.6093368559666873E-01
   0.2035000000000000E+02  -0.6635684140106229E-01
   0.2040000000000000E+02  -0.6855562557762948E-01
   0.2045000000000000E+02  -0.6784668810470855E-01
   0.2050000000000000E+02  -0.6406923512062641E-01
   0.2055000000000000E+02  -0.5665242895430470E-01
   0.2060000000000000E+02  -0.4488163711456267E-01
   0.2065000000000000E+02  -0.2828179793592597E-01
   0.2070000000000000E+02  -0.6998506453136455E-02
   0.2075000000000000E+02   0.1794540927472457E-01
   0.2080000000000000E+02   0.4460720827845042E-01
   0.2085000000000000E+02   0.7032585100389767E-01
   0.2090000000000000E+02   0.9213024074270301E-01
   0.2095000000000000E+02   0.1072588615939432E+00
   0.2100000000000000E+02   0.1136648678700241E+00
   0.2105000000000000E+02   0.1103851912049579E+00
   0.2110000000000000E+02   0.9769002385034113E-01
   0.2115000000000000E+02   0.7698855901023435E-01
   0.2120000000000000E+02   0.5053051047822658E-01
   0.2125000000000000E+02   0.2099231911154758E-01
   0.2130000000000000E+02  -0.8941602621120969E-02
   0.2135000000000000E+02  -0.3690374847268296E-01
   0.2140000000000000E+02  -0.6101515689117438E-01
   0.2145000000000000E+02  -0.7989859494758728E-01
   0.2150000000000000E+02  -0.9257946846288445E-01
   0.2155000000000000E+02  -0.9835313740732568E-01
   0.2160000000000000E+02  -0.9670100282392606E-01
   0.2165000000000000E+02  -0.8731194992212973E-01
   0.2170000000000000E+02  -0.7021924873015493E-01
   0.2175000000000000E+02  -0.4601128659502938E-01
   0.2180000000000000E+02  -0.1603487856012975E-01
   0.2185000000000000E+02   0.1750381640441438E-01
   0.2190000000000000E+02   0.5161764880677521E-01
   0.2195000000000000E+02   0.8282706156240585E-01
   0.2200000000000000E+02   0.1076290061707491E+00
   0.2205000000000000E+02   0.1230585137668591E+00
   0.2210000000000000E+02   0.1272183154880794E+00
   0.2215000000000000E+02   0.1196479928326374E+00
   0.2220000000000000E+02   0.1014359896977336E+00
   0.2225000000000000E+02   0.7503774983780988E-01
   0.2230000000000000E+02   0.4383520276348682E-01
   0.2235000000000000E+02   0.1153695575368821E-01
   0.2240000000000000E+02  -0.1844304815636957E-01
   0.2245000000000000E+02  -0.4348872085416929E-01
   0.2250000000000000E+02  -0.6206216294210258E-01
   0.2255000000000000E+02  -0.7371828618131790E-01
   0.2260000000000000E+02  -0.7888200393530052E-01
   0.2265000000000000E+02  -0.7847665176060724E-01
   0.2270000000000000E+02  -0.7352525943316923E-01
   0.2275000000000000E+02  -0.6484331372656855E-01
   0.2280000000000000E+02  -0.5290474160880802E-01
   0.2285000000000000E+02  -0.3790382079744585E-01
   0.2290000000000000E+02  -0.1997260384994509E-01
   0.2295000000000000E+02   0.5349495767841030E-03
   0.2300000000000000E+02   0.2280052850499192E-01
   0.2305000000000000E+02   0.4543468097319479E-01
   0.2310000000000000E+02   0.6655624663442884E-01
   0.2315000000000000E+02   0.8404987751995339E-01
   0.2320000000000000E+02   0.9593757676239210E-01
   0.2325000000000000E+02   0.1007639985114521E+00
   0.2330000000000000E+02   0.9788960651822351E-01
   0.2335000000000000E+02   0.8761208577771643E-01
   0.2340000000000000E+02   0.7108631758957629E-01
   0.2345000000000000E+02   0.5007132378157459E-01
   0.2350000000000000E+02   0.2658105725821460E-01
   0.2355000000000000E+02   0.2540045025758525E-02
   0.2360000000000000E+02  -0.2046246543301897E-01
   0.2365000000000000E+02  -0.4126243717719762E-01
   0.2370000000000000E+02  -0.5905118809216472E-01
   0.2375000000000000E+02  -0.7319580639433437E-01
   0.2380000000000000E+02  -0.8303703083910088E-01
   0.2385000000000000E+02  -0.8776008244162606E-01
   0.2390000000000000E+02  -0.8641020103359300E-01
   0.2395000000000000E+02  -0.7807566167044036E-01
   0.2400000000000000E+02  -0.6220163704322507E-01
   0.2405000000000000E+02  -0.3894687581106693E-01
   0.2410000000000000E+02  -0.9468291904298176E-02
   0.2415000000000000E+02   0.2397427536171965E-01
   0.2420000000000000E+02   0.5816016061332679E-01
   0.2425000000000000E+02   0.8930017535561204E-01
   0.2430000000000000E+02   0.1136134934585462E+00
   0.2435000000000000E+02   0.1279689755870333E+00
   0.2440000000000000E+02   0.1304466945635094E+00
   0.2445000000000000E+02   0.1206892898983708E+00
   0.2450000000000000E+02   0.9996141427585031E-01
   0.2455000000000000E+02   0.7090587333400358E-01
   0.2460000000000000E+02   0.3705790115174849E-01
   0.2465000000000000E+02   0.2234540442510757E-02
   0.2470000000000000E+02  -0.3006043806892836E-01
   0.2475000000000000E+02  -0.5708973299092179E-01
   0.2480000000000000E+02  -0.7711391446118167E-01
   0.2485000000000000E+02  -0.8938564923378242E-01
   0.2490000000000000E+02  -0.9395501629808901E-01
   0.2495000000000000E+02  -0.9137886283134272E-01
   0.2500000000000000E+02  -0.8244094712986733E-01
   0.2505000000000000E+02  -0.6797015011780853E-01
   0.2510000000000000E+02  -0.4879895894472856E-01
   0.2515000000000000E+02  -0.2584889216796455E-01
   0.2520000000000000E+02  -0.2814772687274869E-03
   0.2525000000000000E+02   0.2637199546046062E-01
   0.2530000000000000E+02   0.5218358800552875E-01
   0.2535000000000000E+02   0.7495253980442747E-01
   0.2540000000000000E+02   0.9247606259548111E-01
   0.2545000000000000E+02   0.1029105507532786E+00
   0.2550000000000000E+02   0.1051296712155680E+00
   0.2555000000000000E+02   0.9897693926680445E-01
   0.2560000000000000E+02   0.8533332871883142E-01
   0.2565000000000000E+02   0.6596904733908934E-01
   0.2570000000000000E+02   0.4320861681472617E-01
   0.2575000000000000E+02   0.1949182141601764E-01
   0.2580000000000000E+02  -0.3056420081211210E-02
   0.2585000000000000E+02  -0.2293633638945461E-01
   0.2590000000000000E+02  -0.3938755949940413E-01
   0.2595000000000000E+02  -0.5228868427476820E-01
   0.2600000000000000E+02  -0.6188689587942822E-01
   0.2605000000000000E+02  -0.6845291363493004E-01
   0.2610000000000000E+02  -0.7197876432263016E-01
   0.2615000000000000E+02  -0.7202288551500895E-01
   0.2620000000000000E+02  -0.6776213031010077E-01
   0.2625000000000000E+02  -0.5824629437435461E-01
   0.2630000000000000E+02  -0.4278652166937941E-01
   0.2635000000000000E+02  -0.2136340911106731E-01
   0.2640000000000000E+02   0.5072412581204928E-02
   0.2645000000000000E+02   0.3451059463973533E-01
   0.2650000000000000E+02   0.6405122481399909E-01
   0.2655000000000000E+02   0.9031397890528102E-01
   0.2660000000000000E+02   0.1100000168296321E+00
   0.2665000000000000E+02   0.1204778283806165E+00
   0.2670000000000000E+02   0.1202564632942493E+00
   0.2675000000000000E+02   0.1092384838934415E+00
   0.2680000000000000E+02   0.8870199204189408E-01
   0.2685000000000000E+02   0.6102977322439770E-01
   0.2690000000000000E+02   0.2926454650643553E-01
   0.2695000000000000E+02  -0.3394206241370679E-02
   0.2700000000000000E+02  -0.3403351896358004E-01
   0.2705000000000000E+02  -0.6032193943846884E-01
   0.2710000000000000E+02  -0.8062008959592014E-01
   0.2715000000000000E+02  -0.9392846954887196E-01
   0.2720000000000000E+02  -0.9973984058370965E-01
   0.2725000000000000E+02  -0.9788351163653876E-01
   0.2730000000000000E+02  -0.8843803837050866E-01
   0.2735000000000000E+02  -0.7175186881313482E-01
   0.2740000000000000E+02  -0.4856120653847414E-01
   0.2745000000000000E+02  -0.2014783722756613E-01
   0.2750000000000000E+02   0.1154728341510601E-01
   0.2755000000000000E+02   0.4393657524997102E-01
   0.2760000000000000E+02   0.7397442025113674E-01
   0.2765000000000000E+02   0.9851911232153830E-01
   0.2770000000000000E+02   0.1148082270697072E+00
   0.2775000000000000E+02   0.1209434684180561E+00
   0.2780000000000000E+02   0.1162647971740201E+00
   0.2785000000000000E+02   0.1015116437742079E+00
   0.2790000000000000E+02   0.7871760876337602E-01
   0.2795000000000000E+02   0.5085133897240997E-01
   0.2800000000000000E+02   0.2128170838696170E-01
   0.2805000000000000E+02  -0.6808699878131892E-02
   0.2810000000000000E+02  -0.3092492198223459E-01
   0.2815000000000000E+02  -0.4956300569122379E-01
   0.2820000000000000E+02  -0.6225732196290309E-01
   0.2825000000000000E+02  -0.6938333945944002E-01
   0.2830000000000000E+02  -0.7179244227450245E-01
   0.2835000000000000E+02  -0.7039738502927455E-01
   0.2840000000000000E+02  -0.6583430975769496E-01
   0.2845000000000000E+02  -0.5829832198047659E-01
   0.2850000000000000E+02  -0.4759336823372101E-01
   0.2855000000000000E+02  -0.3337034150358195E-01
   0.2860000000000000E+02  -0.1546961785001034E-01
   0.2865000000000000E+02   0.5747636042925919E-02
   0.2870000000000000E+02   0.2919205363073359E-01
   0.2875000000000000E+02   0.5303871961703564E-01
   0.2880000000000000E+02   0.7493718568377623E-01
   0.2885000000000000E+02   0.9239253673014476E-01
   0.2890000000000000E+02   0.1032215583691602E+00
   0.2895000000000000E+02   0.1059667437628552E+00
   0.2900000000000000E+02   0.1001636305548223E+00
   0.2905000000000000E+02   0.8639933617652470E-01
   0.2910000000000000E+02   0.6615900812635243E-01
   0.2915000000000000E+02   0.4151441929876589E-01
   0.2920000000000000E+02   0.1474807503992298E-01
   0.2925000000000000E+02  -0.1198418966895428E-01
   0.2930000000000000E+02  -0.3687101023805255E-01
   0.2935000000000000E+02  -0.5850819169359465E-01
   0.2940000000000000E+02  -0.7582522641896895E-01
   0.2945000000000000E+02  -0.8794026060818218E-01
   0.2950000000000000E+02  -0.9403049859904913E-01
   0.2955000000000000E+02  -0.9329680548974385E-01
   0.2960000000000000E+02  -0.8506490456772342E-01
   0.2965000000000000E+02  -0.6901251833407529E-01
   0.2970000000000000E+02  -0.4545905811098899E-01
   0.2975000000000000E+02  -0.1561935503200966E-01
   0.2980000000000000E+02   0.1828225125780360E-01
   0.2985000000000000E+02   0.5311301229979699E-01
   0.2990000000000000E+02   0.8516894476159477E-01
   0.2995000000000000E+02   0.1107029237943988E+00
   0.3000000000000000E+02   0.1265402462575487E+00
   0.3005000000000000E+02   0.1306451441206198E+00
   0.3010000000000000E+02   0.1225044888908351E+00
   0.3015000000000000E+02   0.1032339966031125E+00
   0.3020000000000000E+02   0.7537766626447474E-01
   0.3025000000000000E+02   0.4244534136394450E-01
   0.3030000000000000E+02   0.8295915824538199E-02
   0.3035000000000000E+02  -0.2349225714538333E-01
   0.3040000000000000E+02  -0.5012572488573964E-01
   0.3045000000000000E+02  -0.6987645871237198E-01
   0.3050000000000000E+02  -0.8210348888468003E-01
   0.3055000000000000E+02  -0.8704991848402618E-01
   0.3060000000000000E+02  -0.8550509184719812E-01
   0.3065000000000000E+02  -0.7844828546506863E-01
   0.3070000000000000E+02  -0.6678164544615978E-01
   0.3075000000000000E+02  -0.5122035740354103E-01
   0.3080000000000000E+02  -0.3235037518939785E-01
   0.3085000000000000E+02  -0.1080657542806526E-01
   0.3090000000000000E+02   0.1251548334700862E-01
   0.3095000000000000E+02   0.3631117282621665E-01
   0.3100000000000000E+02   0.5885687386865989E-01
   0.3105000000000000E+02   0.7816708625508145E-01
   0.3110000000000000E+02   0.9229085285024768E-01
   0.3115000000000000E+02   0.9967154964017173E-01
   0.3120000000000000E+02   0.9946913008335806E-01
   0.3125000000000000E+02   0.9175020404138447E-01
   0.3130000000000000E+02   0.7748719095916770E-01
   0.3135000000000000E+02   0.5836237128502628E-01
   0.3140000000000000E+02   0.3642928437645775E-01
   0.3145000000000000E+02   0.1372516078386130E-01
   0.3150000000000000E+02  -0.8058887884821916E-02
   0.3155000000000000E+02  -0.2776261970170397E-01
   0.3160000000000000E+02  -0.4475524341588673E-01
   0.3165000000000000E+02  -0.5876570368959822E-01
   0.3170000000000000E+02  -0.6961623961320390E-01
   0.3175000000000000E+02  -0.7696247599917339E-01
   0.3180000000000000E+02  -0.8014275554251661E-01
   0.3185000000000000E+02  -0.7820607134473066E-01
   0.3190000000000000E+02  -0.7013125460985029E-01
   0.3195000000000000E+02  -0.5518675433559648E-01
   0.3200000000000000E+02  -0.3332953813282688E-01
   0.3205000000000000E+02  -0.5519157933085779E-02
   0.3210000000000000E+02   0.2616340756717765E-01
   0.3215000000000000E+02   0.5865566753286901E-01
   0.3220000000000000E+02   0.8830827955204792E-01
   0.3225000000000000E+02   0.1114610556351234E+00
   0.3230000000000000E+02   0.1250753336566796E+00
   0.3235000000000000E+02   0.1272787195934068E+00
   0.3240000000000000E+02   0.1176973204339856E+00
   0.3245000000000000E+02   0.9750259350401554E-01
   0.3250000000000000E+02   0.6917033497354655E-01
   0.3255000000000000E+02   0.3601858696553777E-01
   0.3260000000000000E+02   0.1640464551375189E-02
   0.3265000000000000E+02  -0.3063573422860334E-01
   0.3270000000000000E+02  -0.5814642683443814E-01
   0.3275000000000000E+02  -0.7908838137106988E-01
   0.3280000000000000E+02  -0.9250775044654710E-01
   0.3285000000000000E+02  -0.9813694025155911E-01
   0.3290000000000000E+02  -0.9616893992111775E-01
   0.3295000000000000E+02  -0.8706298807220984E-01
   0.3300000000000000E+02  -0.7144914241059630E-01
   0.3305000000000000E+02  -0.5015222296184046E-01
   0.3310000000000000E+02  -0.2430373803033435E-01
   0.3315000000000000E+02   0.4528997792740222E-02
   0.3320000000000000E+02   0.3428120344216882E-01
   0.3325000000000000E+02   0.6246452399972757E-01
   0.3330000000000000E+02   0.8640245726678039E-01
   0.3335000000000000E+02   0.1035987338647819E+00
   0.3340000000000000E+02   0.1121604067066061E+00
   0.3345000000000000E+02   0.1111688685823552E+00
   0.3350000000000000E+02   0.1008946640232216E+00
   0.3355000000000000E+02   0.8278646503767977E-01
   0.3360000000000000E+02   0.5922183967247441E-01
   0.3365000000000000E+02   0.3307117145306485E-01
   0.3370000000000000E+02   0.7177613978312972E-02
   0.3375000000000000E+02  -0.1612018621980216E-01
   0.3380000000000000E+02  -0.3530727599020193E-01
   0.3385000000000000E+02  -0.4978214244979531E-01
   0.3390000000000000E+02  -0.5970989401413423E-01
   0.3395000000000000E+02  -0.6569781640525021E-01
   0.3400000000000000E+02  -0.6840103828246406E-01
   0.3405000000000000E+02  -0.6818335474941389E-01
   0.3410000000000000E+02  -0.6493900730287934E-01
   0.3415000000000000E+02  -0.5813098691998218E-01
   0.3420000000000000E+02  -0.4703486087102546E-01
   0.3425000000000000E+02  -0.3111366644994585E-01
   0.3430000000000000E+02  -0.1040761518402265E-01
   0.3435000000000000E+02   0.1418556323196365E-01
   0.3440000000000000E+02   0.4083549605825840E-01
   0.3445000000000000E+02   0.6694878169203702E-01
   0.3450000000000000E+02   0.8955479464305401E-01
   0.3455000000000000E+02   0.1058189228749259E+00
   0.3460000000000000E+02   0.1135592617968820E+00
   0.3465000000000000E+02   0.1116422687168516E+00
   0.3470000000000000E+02   0.1001665838906765E+00
   0.3475000000000000E+02   0.8040177718760162E-01
   0.3480000000000000E+02   0.5451311106537625E-01
   0.3485000000000000E+02   0.2515589179281265E-01
   0.3490000000000000E+02  -0.4951037658805351E-02
   0.3495000000000000E+02  -0.3337002053096974E-01
   0.3500000000000000E+02  -0.5814107301170963E-01
   0.3505000000000000E+02  -0.7781681619915644E-01
   0.3510000000000000E+02  -0.9137545020556470E-01
   0.3515000000000000E+02  -0.9808740174024583E-01
   0.3520000000000000E+02  -0.9741938696608318E-01
   0.3525000000000000E+02  -0.8903776458194106E-01
   0.3530000000000000E+02  -0.7292874204328131E-01
   0.3535000000000000E+02  -0.4960100214811844E-01
   0.3540000000000000E+02  -0.2029403793574386E-01
   0.3545000000000000E+02   0.1290247031040687E-01
   0.3550000000000000E+02   0.4709932806933387E-01
   0.3555000000000000E+02   0.7886712695809095E-01
   0.3560000000000000E+02   0.1046830837760130E+00
   0.3565000000000000E+02   0.1214850912299232E+00
   0.3570000000000000E+02   0.1272119819516090E+00
   0.3575000000000000E+02   0.1212001158798570E+00
   0.3580000000000000E+02   0.1043334838221209E+00
   0.3585000000000000E+02   0.7890129845204757E-01
   0.3590000000000000E+02   0.4818841303569173E-01
   0.3595000000000000E+02   0.1589022278339121E-01
   0.3600000000000000E+02  -0.1451354566962187E-01
   0.3605000000000000E+02  -0.4028454626483671E-01
   0.3610000000000000E+02  -0.5973969766028816E-01
   0.3615000000000000E+02  -0.7230098537260646E-01
   0.3620000000000000E+02  -0.7829998759434387E-01
   0.3625000000000000E+02  -0.7861892941576097E-01
   0.3630000000000000E+02  -0.7428753996542378E-01
   0.3635000000000000E+02  -0.6615706793841850E-01
   0.3640000000000000E+02  -0.5474002678320572E-01
   0.3645000000000000E+02  -0.4024720914371466E-01
   0.3650000000000000E+02  -0.2278969344242227E-01
   0.3655000000000000E+02  -0.2662041126413804E-02
   0.3660000000000000E+02   0.1940130557922254E-01
   0.3665000000000000E+02   0.4209465038766649E-01
   0.3670000000000000E+02   0.6359284717033642E-01
   0.3675000000000000E+02   0.8178673164095442E-01
   0.3680000000000000E+02   0.9464508177235581E-01
   0.3685000000000000E+02   0.1006061021016610E+00
   0.3690000000000000E+02   0.9889109020620848E-01
   0.3695000000000000E+02   0.8965499918492445E-01
   0.3700000000000000E+02   0.7393601193892191E-01
   0.3705000000000000E+02   0.5342430088056706E-01
   0.3710000000000000E+02   0.3012105337579458E-01
   0.3715000000000000E+02   0.5987127229206532E-02
   0.3720000000000000E+02  -0.1732205274959998E-01
   0.3725000000000000E+02  -0.3857133462863227E-01
   0.3730000000000000E+02  -0.5689837661466048E-01
   0.3735000000000000E+02  -0.7164674480422548E-01
   0.3740000000000000E+02  -0.8216280313528833E-01
   0.3745000000000000E+02  -0.8765241645000123E-01
   0.3750000000000000E+02  -0.8717412899166913E-01
   0.3755000000000000E+02  -0.7979939706656830E-01
   0.3760000000000000E+02  -0.6491153866679764E-01
   0.3765000000000000E+02  -0.4256155716975089E-01
   0.3770000000000000E+02  -0.1376799790819079E-01
   0.3775000000000000E+02   0.1934976811040402E-01
   0.3780000000000000E+02   0.5367899295943675E-01
   0.3785000000000000E+02   0.8547450859684973E-01
   0.3790000000000000E+02   0.1109166101988585E+00
   0.3795000000000000E+02   0.1267517318041062E+00
   0.3800000000000000E+02   0.1308728510057349E+00
   0.3805000000000000E+02   0.1227051580402492E+00
   0.3810000000000000E+02   0.1033069668243015E+00
   0.3815000000000000E+02   0.7516426956192068E-01
   0.3820000000000000E+02   0.4173108493563996E-01
   0.3825000000000000E+02   0.6826732096900182E-02
   0.3830000000000000E+02  -0.2597037650026530E-01
   0.3835000000000000E+02  -0.5380183055121748E-01
   0.3840000000000001E+02  -0.7479331499597859E-01
   0.3845000000000000E+02  -0.8807900864312418E-01
   0.3850000000000000E+02  -0.9362663380312893E-01
   0.3855000000000000E+02  -0.9195180865621433E-01
   0.3860000000000000E+02  -0.8382887655210249E-01
   0.3865000000000001E+02  -0.7009030790290707E-01
   0.3870000000000000E+02  -0.5156442637696142E-01
   0.3875000000000000E+02  -0.2914596491900916E-01
   0.3880000000000000E+02  -0.3943698606939532E-02
   0.3885000000000000E+02   0.2257995586000954E-01
   0.3890000000000001E+02   0.4856184266687453E-01
   0.3895000000000000E+02   0.7183773908711391E-01
   0.3900000000000000E+02   0.9019307275127972E-01
   0.3905000000000000E+02   0.1017152113079646E+00
   0.3910000000000000E+02   0.1051576776017373E+00
   0.3915000000000001E+02   0.1002132952341077E+00
   0.3920000000000000E+02   0.8761178850669932E-01
   0.3925000000000000E+02   0.6900294371458973E-01
   0.3930000000000000E+02   0.4664580719813502E-01
   0.3935000000000000E+02   0.2297976779816629E-01
   0.3940000000000001E+02   0.1878429708121472E-03
   0.3945000000000000E+02  -0.2013480227303754E-01
   0.3950000000000000E+02  -0.3712455900094284E-01
   0.3955000000000000E+02  -0.5057787303122455E-01
   0.3960000000000000E+02  -0.6070074985509621E-01
   0.3965000000000001E+02  -0.6776872400120534E-01
   0.3970000000000000E+02  -0.7181352920085252E-01
   0.3975000000000000E+02  -0.7244462185326489E-01
   0.3980000000000000E+02  -0.6887265369369119E-01
   0.3985000000000000E+02  -0.6013968873392512E-01
   0.3990000000000001E+02  -0.4549560789172089E-01
   0.3995000000000000E+02  -0.2481108058146678E-01
   0.4000000000000000E+02   0.1100507711233944E-02
